#Title: Milky Way Kinematics: Measurements at the Subcentral Point of the 
#       Fourth Quadrant  
#Authors: McClure-Griffiths N.M., Dickey J.M. 
#Table: Measured H I terminalvelocities as a function of Galactic longitude
#       from the SGPS.
#================================================================================
#Byte-by-byte Description of file: datafile1.txt
#--------------------------------------------------------------------------------
#   Bytes Format Units Label  Explanations
#--------------------------------------------------------------------------------
#   1-  7 F7.3   deg   GLON   Galactic longitude 
#   9- 15 F7.2   km/s  VLSR   Measured H I terminal LSR velocity 
#  17- 23 F7.2   km/s  VMod   Modeled H I terminal LSR velocity (1)  
#--------------------------------------------------------------------------------
#Note (1): Predicted by the rotation curve defined in Equation 6.
#--------------------------------------------------------------------------------
339.695 -135.22 -133.00 
339.628 -135.14 -132.80 
339.562 -135.44 -132.61 
339.495 -136.17 -132.41 
339.428 -135.59 -132.22 
339.362 -137.87 -132.02 
339.295 -136.53 -131.83 
339.228 -135.63 -131.63 
339.162 -135.47 -131.44 
339.095 -134.11 -131.24 
339.028 -133.47 -131.05 
338.962 -133.18 -130.85 
338.895 -133.45 -130.66 
338.828 -132.82 -130.46 
338.762 -132.77 -130.27 
338.695 -132.47 -130.07 
338.628 -132.42 -129.88 
338.562 -130.53 -129.69 
338.495 -128.74 -129.49 
338.428 -127.85 -129.30 
338.362 -127.88 -129.11 
338.295 -128.00 -128.91 
338.228 -127.19 -128.72 
338.162 -127.58 -128.53 
338.095 -127.61 -128.33 
338.028 -128.11 -128.14 
337.962 -128.68 -127.95 
337.895 -128.98 -127.75 
337.828 -128.97 -127.56 
337.762 -127.73 -127.37 
337.695 -128.12 -127.17 
337.628 -127.75 -126.98 
337.562 -126.58 -126.79 
337.495 -125.88 -126.59 
337.428 -125.70 -126.40 
337.362 -126.30 -126.21 
337.295 -127.17 -126.02 
337.228 -127.58 -125.83 
337.162 -127.51 -125.63 
337.095 -128.04 -125.44 
337.028 -128.24 -125.25 
336.962 -127.89 -125.06 
336.895 -128.52 -124.87 
336.828 -128.69 -124.67 
336.762 -129.48 -124.48 
336.695 -130.05 -124.29 
336.628 -130.59 -124.10 
336.562 -130.58 -123.91 
336.495 -130.59 -123.72 
336.428 -130.45 -123.53 
336.362 -129.90 -123.34 
336.295 -129.78 -123.14 
336.228 -129.72 -122.95 
336.162 -129.89 -122.76 
336.095 -129.07 -122.57 
336.028 -128.83 -122.38 
335.962 -129.90 -122.19 
335.895 -130.30 -122.00 
335.828 -130.78 -121.81 
335.762 -129.36 -121.62 
335.695 -128.88 -121.43 
335.628 -128.99 -121.24 
335.562 -126.21 -121.05 
335.495 -125.54 -120.86 
335.428 -124.73 -120.67 
335.362 -124.48 -120.48 
335.295 -125.30 -120.29 
335.228 -123.40 -120.11 
335.162 -122.82 -119.92 
335.095 -121.83 -119.73 
335.028 -122.19 -119.54 
334.962 -121.95 -119.35 
334.895 -122.42 -119.16 
334.828 -122.34 -118.97 
334.762 -122.55 -118.78 
334.695 -122.21 -118.59 
334.628 -121.72 -118.41 
334.562 -122.34 -118.22 
334.495 -121.97 -118.03 
334.428 -121.22 -117.84 
334.362 -119.83 -117.65 
334.295 -118.90 -117.47 
334.228 -117.87 -117.28 
334.162 -117.03 -117.09 
334.095 -116.16 -116.90 
334.028 -116.41 -116.72 
333.962 -116.18 -116.53 
333.895 -116.26 -116.34 
333.828 -116.86 -116.15 
333.762 -117.02 -115.97 
333.695 -116.15 -115.78 
333.628 -114.32 -115.59 
333.562 -114.20 -115.41 
333.495 -113.35 -115.22 
333.428 -114.89 -115.03 
333.362 -115.64 -114.85 
333.295 -115.20 -114.66 
333.228 -114.54 -114.48 
333.162 -115.00 -114.29 
333.095 -114.24 -114.10 
333.028 -115.94 -113.92 
332.962 -114.84 -113.73 
332.895 -114.73 -113.55 
332.828 -113.33 -113.36 
332.762 -112.06 -113.18 
332.695 -112.34 -112.99 
332.628 -110.92 -112.81 
332.562 -109.48 -112.62 
332.495 -109.99 -112.44 
332.428 -110.15 -112.25 
332.362 -109.97 -112.07 
332.295 -110.49 -111.88 
332.228 -111.21 -111.70 
332.162 -110.61 -111.51 
332.095 -110.86 -111.33 
332.028 -110.68 -111.15 
331.962 -111.34 -110.96 
331.895 -111.17 -110.78 
331.828 -111.48 -110.59 
331.762 -111.18 -110.41 
331.695 -109.26 -110.23 
331.628 -109.33 -110.04 
331.562 -109.61 -109.86 
331.495 -108.78 -109.68 
331.428 -109.58 -109.49 
331.362 -109.20 -109.31 
331.295 -108.54 -109.13 
331.228 -109.58 -108.95 
331.162 -109.60 -108.76 
331.095 -110.83 -108.58 
331.028 -110.70 -108.40 
330.962 -110.47 -108.22 
330.895 -109.70 -108.03 
330.828 -109.64 -107.85 
330.762 -108.44 -107.67 
330.695 -107.56 -107.49 
330.628 -107.26 -107.31 
330.562 -110.33 -107.13 
330.495 -110.85 -106.94 
330.428 -111.38 -106.76 
330.362 -112.61 -106.58 
330.295 -112.65 -106.40 
330.228 -111.33 -106.22 
330.162 -110.83 -106.04 
330.095 -110.63 -105.86 
330.028 -110.29 -105.68 
329.962 -110.70 -105.50 
329.895 -111.58 -105.32 
329.828 -111.32 -105.14 
329.762 -111.54 -104.96 
329.695 -112.27 -104.78 
329.628 -112.25 -104.60 
329.562 -113.66 -104.42 
329.495 -113.30 -104.24 
329.428 -113.30 -104.06 
329.362 -110.89 -103.88 
329.295 -112.02 -103.70 
329.228 -111.33 -103.52 
329.162 -111.93 -103.34 
329.095 -111.76 -103.16 
329.028 -110.84 -102.98 
328.962 -110.75 -102.81 
328.895 -112.41 -102.63 
328.828 -111.69 -102.45 
328.762 -112.27 -102.27 
328.695 -112.47 -102.09 
328.628 -111.83 -101.91 
328.562 -110.77 -101.74 
328.495 -110.80 -101.56 
328.428 -110.06 -101.38 
328.362 -109.42 -101.20 
328.295 -110.62 -101.03 
328.228 -110.37 -100.85 
328.162 -109.83 -100.67 
328.095 -109.56 -100.49 
328.028 -109.21 -100.32 
327.962 -108.51 -100.14 
327.895 -107.93  -99.96 
327.828 -107.31  -99.79 
327.762 -106.55  -99.61 
327.695 -107.37  -99.43 
327.628 -106.30  -99.26 
327.562 -105.22  -99.08 
327.495 -103.48  -98.91 
327.428 -102.15  -98.73 
327.362 -102.37  -98.56 
327.295 -102.76  -98.38 
327.228 -102.25  -98.21 
327.162 -102.61  -98.03 
327.095  -99.25  -97.86 
327.028  -98.86  -97.68 
326.962  -98.54  -97.51 
326.895  -98.93  -97.33 
326.828  -96.34  -97.16 
326.762  -98.67  -96.98 
326.695 -100.16  -96.81 
326.628  -98.96  -96.63 
326.562  -98.97  -96.46 
326.495  -98.14  -96.29 
326.428  -98.82  -96.11 
326.362  -98.73  -95.94 
326.295  -98.34  -95.77 
326.228  -97.86  -95.59 
326.162  -97.87  -95.42 
326.095  -97.53  -95.25 
326.028  -97.77  -95.07 
325.962  -97.35  -94.90 
325.895  -97.20  -94.73 
325.828  -96.58  -94.56 
325.762  -96.62  -94.38 
325.695  -95.15  -94.21 
325.628  -92.60  -94.04 
325.562  -92.62  -93.87 
325.495  -95.86  -93.70 
325.428  -94.68  -93.52 
325.362  -92.74  -93.35 
325.295  -93.09  -93.18 
325.228  -89.23  -93.01 
325.162  -89.47  -92.84 
325.095  -90.62  -92.67 
325.028  -91.24  -92.50 
324.962  -92.94  -92.33 
324.895  -95.33  -92.16 
324.828  -96.67  -91.99 
324.762  -95.97  -91.82 
324.695  -94.45  -91.64 
324.628  -93.51  -91.47 
324.562  -92.75  -91.31 
324.495  -93.24  -91.13 
324.428  -92.58  -90.97 
324.362  -92.04  -90.80 
324.295  -91.13  -90.63 
324.228  -91.54  -90.46 
324.162  -91.02  -90.29 
324.095  -89.22  -90.12 
324.028  -88.32  -89.95 
323.962  -87.10  -89.78 
323.895  -86.60  -89.61 
323.828  -87.92  -89.45 
323.762  -88.07  -89.28 
323.695  -88.93  -89.11 
323.628  -89.41  -88.94 
323.562  -87.15  -88.77 
323.495  -88.65  -88.61 
323.428  -91.71  -88.44 
323.362  -92.02  -88.27 
323.295  -90.36  -88.10 
323.228  -93.02  -87.94 
323.162  -90.66  -87.77 
323.095  -89.18  -87.60 
323.028  -88.33  -87.44 
322.962  -87.67  -87.27 
322.895  -86.29  -87.11 
322.828  -86.02  -86.94 
322.762  -89.12  -86.77 
322.695  -90.20  -86.61 
322.628  -89.97  -86.44 
322.562  -89.75  -86.28 
322.495  -88.86  -86.11 
322.428  -88.44  -85.95 
322.362  -87.72  -85.78 
322.295  -87.18  -85.62 
322.228  -86.68  -85.45 
322.162  -87.00  -85.29 
322.095  -86.52  -85.12 
322.028  -86.25  -84.96 
321.962  -85.54  -84.79 
321.895  -84.42  -84.63 
321.828  -83.76  -84.47 
321.762  -83.63  -84.30 
321.695  -84.00  -84.14 
321.628  -83.82  -83.97 
321.562  -83.37  -83.81 
321.495  -83.56  -83.65 
321.428  -83.27  -83.49 
321.362  -82.58  -83.32 
321.295  -82.43  -83.16 
321.228  -81.79  -83.00 
321.162  -81.81  -82.84 
321.095  -82.14  -82.67 
321.028  -81.86  -82.51 
320.962  -81.75  -82.35 
320.895  -80.87  -82.19 
320.828  -80.04  -82.02 
320.762  -80.56  -81.86 
320.695  -80.95  -81.70 
320.628  -81.07  -81.54 
320.562  -79.94  -81.38 
320.495  -79.77  -81.22 
320.428  -79.67  -81.06 
320.362  -79.94  -80.90 
320.295  -78.67  -80.74 
320.228  -70.54  -80.58 
320.162  -58.15  -80.42 
320.095  -74.47  -80.26 
320.028  -75.82  -80.10 
319.962  -75.12  -79.94 
319.895  -75.95  -79.78 
319.828  -75.43  -79.62 
319.762  -75.91  -79.46 
319.695  -76.73  -79.30 
319.628  -77.10  -79.14 
319.562  -76.15  -78.98 
319.495  -75.50  -78.82 
319.428  -74.62  -78.67 
319.362  -74.04  -78.51 
319.295  -75.29  -78.35 
319.228  -73.71  -78.19 
319.162  -74.23  -78.04 
319.095  -73.66  -77.88 
319.028  -72.73  -77.72 
318.962  -71.81  -77.56 
318.895  -71.76  -77.41 
318.828  -71.23  -77.25 
318.762  -70.51  -77.09 
318.695  -70.36  -76.94 
318.628  -70.62  -76.78 
318.562  -70.67  -76.62 
318.495  -69.76  -76.47 
318.428  -69.23  -76.31 
318.362  -68.41  -76.16 
318.295  -67.40  -76.00 
318.228  -67.04  -75.84 
318.162  -66.66  -75.69 
318.095  -66.50  -75.53 
318.028  -66.17  -75.38 
317.962  -66.75  -75.22 
317.895  -66.16  -75.07 
317.828  -66.22  -74.91 
317.762  -66.08  -74.76 
317.695  -65.48  -74.61 
317.628  -65.48  -74.45 
317.562  -65.53  -74.30 
317.495  -65.97  -74.14 
317.428  -66.34  -73.99 
317.362  -65.17  -73.84 
317.295  -65.50  -73.68 
317.228  -65.10  -73.53 
317.162  -64.61  -73.38 
317.095  -65.43  -73.23 
317.028  -65.82  -73.07 
316.962  -64.93  -72.92 
316.895  -64.64  -72.77 
316.828  -65.19  -72.62 
316.762  -65.23  -72.46 
316.695  -66.09  -72.31 
316.628  -65.86  -72.16 
316.562  -65.73  -72.01 
316.495  -66.30  -71.86 
316.428  -65.61  -71.71 
316.362  -66.05  -71.56 
316.295  -65.96  -71.41 
316.228  -66.12  -71.26 
316.162  -66.78  -71.11 
316.095  -66.91  -70.95 
316.028  -66.68  -70.80 
315.962  -66.70  -70.66 
315.895  -66.12  -70.50 
315.828  -66.34  -70.36 
315.762  -66.47  -70.21 
315.695  -66.53  -70.06 
315.628  -66.17  -69.91 
315.562  -66.05  -69.76 
315.495  -65.97  -69.61 
315.428  -65.94  -69.46 
315.362  -65.90  -69.31 
315.295  -65.55  -69.16 
315.228  -66.40  -69.02 
315.162  -66.83  -68.87 
315.095  -67.18  -68.72 
315.028  -66.69  -68.57 
314.962  -66.31  -68.43 
314.895  -66.36  -68.28 
314.828  -66.11  -68.13 
314.762  -65.44  -67.99 
314.695  -64.76  -67.84 
314.628  -65.67  -67.69 
314.562  -65.68  -67.55 
314.495  -65.14  -67.40 
314.428  -65.08  -67.25 
314.362  -65.60  -67.11 
314.295  -65.07  -66.96 
314.228  -65.99  -66.82 
314.162  -67.13  -66.67 
314.095  -66.77  -66.53 
314.028  -65.52  -66.38 
313.962  -65.43  -66.24 
313.895  -64.91  -66.09 
313.828  -64.79  -65.95 
313.762  -64.48  -65.80 
313.695  -65.30  -65.66 
313.628  -64.78  -65.52 
313.562  -64.42  -65.37 
313.495  -64.28  -65.23 
313.428  -63.91  -65.09 
313.362  -63.91  -64.94 
313.295  -63.87  -64.80 
313.228  -64.39  -64.66 
313.162  -64.56  -64.52 
313.095  -63.85  -64.37 
313.028  -64.54  -64.23 
312.962  -64.44  -64.09 
312.895  -64.14  -63.95 
312.828  -64.47  -63.80 
312.762  -65.25  -63.66 
312.695  -64.97  -63.52 
312.628  -64.60  -63.38 
312.562  -64.66  -63.24 
312.495  -63.98  -63.10 
312.428  -63.71  -62.96 
312.362  -63.61  -62.82 
312.295  -63.73  -62.68 
312.228  -64.78  -62.54 
312.162  -62.24  -62.40 
312.095  -57.52  -62.26 
312.028  -58.41  -62.12 
311.962  -61.74  -61.98 
311.895  -55.17  -61.84 
311.828  -46.97  -61.70 
311.762  -52.06  -61.56 
311.695  -63.01  -61.42 
311.628  -63.52  -61.28 
311.562  -58.37  -61.15 
311.495  -65.47  -61.01 
311.428  -65.40  -60.87 
311.362  -65.10  -60.73 
311.295  -66.24  -60.59 
311.228  -67.34  -60.46 
311.162  -67.30  -60.32 
311.095  -66.92  -60.18 
311.028  -65.50  -60.04 
310.962  -66.19  -59.91 
310.895  -66.38  -59.77 
310.828  -65.75  -59.64 
310.762  -64.73  -59.50 
310.695  -64.36  -59.36 
310.628  -63.81  -59.23 
310.562  -64.88  -59.09 
310.495  -65.59  -58.96 
310.428  -65.66  -58.82 
310.362  -65.48  -58.69 
310.295  -65.14  -58.55 
310.228  -64.89  -58.42 
310.162  -64.88  -58.28 
310.095  -64.97  -58.15 
310.028  -64.86  -58.01 
309.962  -65.11  -57.88 
309.895  -65.24  -57.75 
309.828  -65.52  -57.61 
309.762  -65.92  -57.48 
309.695  -64.82  -57.35 
309.628  -64.61  -57.21 
309.562  -64.54  -57.08 
309.495  -64.28  -56.95 
309.428  -63.87  -56.82 
309.362  -63.89  -56.68 
309.295  -63.30  -56.55 
309.228  -63.15  -56.42 
309.162  -63.47  -56.29 
309.095  -63.34  -56.16 
309.028  -63.83  -56.02 
308.962  -63.00  -55.89 
308.895  -62.21  -55.76 
308.828  -62.85  -55.63 
308.762  -62.35  -55.50 
308.695  -62.78  -55.37 
308.628  -63.13  -55.24 
308.562  -63.17  -55.11 
308.495  -63.91  -54.98 
308.428  -64.33  -54.85 
308.362  -64.05  -54.72 
308.295  -64.34  -54.59 
308.228  -62.95  -54.46 
308.162  -63.49  -54.34 
308.095  -63.50  -54.21 
308.028  -63.80  -54.08 
307.962  -64.43  -53.95 
307.895  -64.71  -53.82 
307.828  -61.60  -53.69 
307.762  -57.19  -53.57 
307.695  -55.80  -53.44 
307.628  -53.48  -53.31 
307.562  -53.51  -53.18 
307.495  -54.86  -53.06 
307.428  -55.36  -52.93 
307.362  -56.45  -52.80 
307.295  -57.45  -52.68 
307.228  -56.03  -52.55 
307.162  -56.40  -52.43 
307.095  -56.44  -52.30 
307.028  -54.90  -52.17 
306.962  -56.66  -52.05 
306.895  -57.03  -51.92 
306.828  -58.58  -51.80 
306.762  -55.91  -51.67 
306.695  -55.53  -51.55 
306.628  -56.71  -51.42 
306.562  -53.06  -51.30 
306.495  -48.06  -51.18 
306.428  -48.46  -51.05 
306.362  -48.38  -50.93 
306.295  -47.93  -50.81 
306.228  -46.19  -50.68 
306.162  -46.91  -50.56 
306.095  -48.53  -50.44 
306.028  -48.35  -50.31 
305.962  -47.42  -50.19 
305.895  -39.94  -50.07 
305.828  -35.27  -49.95 
305.762  -48.05  -49.83 
305.695  -48.73  -49.70 
305.628  -46.56  -49.58 
305.562  -49.35  -49.46 
305.495  -47.36  -49.34 
305.428  -48.84  -49.22 
305.362  -41.06  -49.10 
305.295  -47.47  -48.98 
305.228  -50.21  -48.86 
305.162  -50.37  -48.74 
305.095  -46.48  -48.62 
305.028  -49.19  -48.50 
304.962  -47.42  -48.38 
304.895  -44.93  -48.26 
304.828  -48.50  -48.14 
304.762  -49.13  -48.02 
304.695  -50.31  -47.90 
304.628  -50.12  -47.78 
304.562  -49.42  -47.67 
304.495  -50.46  -47.55 
304.428  -50.62  -47.43 
304.362  -49.78  -47.31 
304.295  -51.18  -47.19 
304.228  -50.79  -47.08 
304.162  -51.38  -46.96 
304.095  -52.34  -46.84 
304.028  -52.09  -46.73 
303.962  -52.09  -46.61 
303.895  -51.63  -46.49 
303.828  -51.56  -46.38 
303.762  -52.01  -46.26 
303.695  -52.08  -46.14 
303.628  -51.52  -46.03 
303.562  -51.44  -45.91 
303.495  -51.68  -45.80 
303.428  -51.11  -45.68 
303.362  -50.76  -45.57 
303.295  -52.13  -45.46 
303.228  -51.61  -45.34 
303.162  -51.85  -45.23 
303.095  -51.14  -45.11 
303.028  -52.03  -45.00 
302.962  -50.87  -44.89 
302.895  -50.61  -44.77 
302.828  -50.36  -44.66 
302.762  -50.23  -44.55 
302.695  -50.00  -44.43 
302.628  -50.69  -44.32 
302.562  -50.45  -44.21 
302.495  -50.08  -44.10 
302.428  -49.30  -43.99 
302.362  -49.66  -43.87 
302.295  -48.57  -43.76 
302.228  -49.36  -43.65 
302.162  -48.37  -43.54 
302.095  -49.56  -43.43 
302.028  -48.86  -43.32 
301.962  -48.29  -43.21 
301.895  -48.83  -43.10 
301.828  -47.19  -42.99 
301.762  -48.63  -42.88 
301.695  -46.64  -42.77 
301.628  -47.24  -42.66 
301.562  -46.21  -42.55 
301.495  -47.73  -42.44 
301.428  -47.48  -42.33 
301.362  -43.88  -42.22 
301.295  -44.89  -42.12 
301.228  -44.80  -42.01 
301.162  -43.84  -41.90 
301.095  -43.68  -41.79 
301.028  -42.14  -41.68 
300.962  -46.24  -41.58 
300.895  -47.94  -41.47 
300.828  -46.02  -41.36 
300.762  -46.26  -41.26 
300.695  -47.22  -41.15 
300.628  -46.82  -41.04 
300.562  -47.58  -40.94 
300.495  -47.92  -40.83 
300.428  -47.68  -40.73 
300.362  -46.79  -40.62 
300.295  -47.08  -40.52 
300.228  -46.50  -40.41 
300.162  -45.49  -40.31 
300.095  -44.49  -40.20 
300.028  -44.40  -40.10 
299.962  -43.72  -39.99 
299.895  -42.58  -39.89 
299.828  -42.95  -39.78 
299.762  -41.99  -39.68 
299.695  -43.89  -39.58 
299.628  -43.26  -39.47 
299.562  -43.46  -39.37 
299.495  -44.30  -39.27 
299.428  -43.26  -39.17 
299.362  -44.09  -39.06 
299.295  -44.06  -38.96 
299.228  -43.65  -38.86 
299.162  -43.25  -38.76 
299.095  -43.44  -38.66 
299.028  -43.69  -38.56 
298.962  -43.68  -38.46 
298.895  -42.64  -38.35 
298.828  -42.51  -38.25 
298.762  -42.97  -38.15 
298.695  -43.08  -38.05 
298.628  -42.87  -37.95 
298.562  -42.71  -37.85 
298.495  -43.10  -37.75 
298.428  -43.37  -37.65 
298.362  -43.24  -37.56 
298.295  -43.68  -37.46 
298.228  -43.28  -37.36 
298.162  -43.60  -37.26 
298.095  -43.95  -37.16 
298.028  -43.81  -37.06 
297.962  -43.62  -36.97 
297.895  -44.65  -36.87 
297.828  -44.29  -36.77 
297.762  -44.10  -36.67 
297.695  -43.34  -36.58 
297.628  -43.09  -36.48 
297.562  -42.81  -36.38 
297.495  -42.72  -36.29 
297.428  -42.82  -36.19 
297.362  -42.76  -36.10 
297.295  -42.47  -36.00 
297.228  -42.49  -35.90 
297.162  -42.29  -35.81 
297.095  -41.91  -35.71 
297.028  -42.15  -35.62 
296.962  -42.79  -35.52 
296.895  -42.25  -35.43 
296.828  -42.67  -35.34 
296.762  -44.09  -35.24 
296.695  -44.20  -35.15 
296.628  -43.88  -35.05 
296.562  -44.36  -34.96 
296.495  -44.37  -34.87 
296.428  -43.64  -34.78 
296.362  -42.61  -34.68 
296.295  -42.36  -34.59 
296.228  -41.31  -34.50 
296.162  -40.81  -34.41 
296.095  -39.49  -34.31 
296.028  -38.63  -34.22 
295.962  -38.22  -34.13 
295.895  -37.04  -34.04 
295.828  -35.42  -33.95 
295.762  -34.98  -33.86 
295.695  -35.85  -33.77 
295.628  -34.40  -33.68 
295.562  -33.09  -33.59 
295.495  -32.76  -33.50 
295.428  -32.37  -33.41 
295.362  -34.27  -33.32 
295.295  -33.57  -33.23 
295.228  -33.76  -33.14 
295.162  -34.61  -33.05 
295.095  -34.74  -32.96 
295.028  -34.25  -32.88 
294.962  -35.01  -32.79 
294.895  -34.47  -32.70 
294.828  -34.79  -32.61 
294.762  -34.64  -32.53 
294.695  -34.74  -32.44 
294.628  -34.44  -32.35 
294.562  -34.43  -32.26 
294.495  -34.01  -32.18 
294.428  -33.61  -32.09 
294.362  -33.86  -32.01 
294.295  -33.94  -31.92 
294.228  -34.55  -31.83 
294.162  -35.19  -31.75 
294.095  -34.04  -31.66 
294.028  -33.96  -31.58 
293.962  -34.50  -31.49 
293.895  -34.16  -31.41 
293.828  -33.99  -31.32 
293.762  -33.42  -31.24 
293.695  -33.42  -31.16 
293.628  -33.40  -31.07 
293.562  -33.17  -30.99 
293.495  -33.36  -30.91 
293.428  -32.81  -30.82 
293.362  -34.10  -30.74 
293.295  -34.81  -30.66 
293.228  -33.13  -30.58 
293.162  -32.80  -30.49 
293.095  -33.11  -30.41 
293.028  -33.20  -30.33 
292.962  -33.31  -30.25 
292.895  -32.72  -30.17 
292.828  -32.89  -30.09 
292.762  -32.16  -30.01 
292.695  -32.31  -29.93 
292.628  -32.34  -29.85 
292.562  -32.41  -29.77 
292.495  -32.72  -29.69 
292.428  -32.34  -29.61 
292.362  -32.49  -29.53 
292.295  -32.40  -29.45 
292.228  -32.30  -29.37 
292.162  -32.15  -29.29 
292.095  -32.52  -29.21 
292.028  -32.09  -29.13 
291.962  -31.17  -29.06 
291.895  -31.10  -28.98 
291.828  -30.05  -28.90 
291.762  -30.90  -28.82 
291.695  -29.74  -28.75 
291.628  -30.10  -28.67 
291.562  -29.91  -28.59 
291.495  -30.68  -28.52 
291.428  -30.65  -28.44 
291.362  -30.33  -28.36 
291.295  -30.77  -28.29 
291.228  -29.18  -28.21 
291.162  -29.69  -28.14 
291.095  -28.89  -28.06 
291.028  -28.90  -27.99 
290.962  -29.88  -27.91 
290.895  -27.68  -27.84 
290.828  -28.12  -27.76 
290.762  -27.10  -27.69 
290.695  -23.18  -27.62 
290.628  -24.45  -27.54 
290.562  -24.30  -27.47 
290.495  -23.69  -27.40 
290.428  -25.20  -27.32 
290.362  -23.77  -27.25 
290.295  -15.69  -27.18 
290.228  -22.00  -27.11 
290.162  -22.04  -27.03 
290.095  -17.38  -26.96 
290.028  -24.83  -26.89 
289.962  -22.95  -26.82 
289.895  -26.65  -26.75 
289.828  -25.28  -26.68 
289.762  -24.47  -26.61 
289.695  -26.49  -26.54 
289.628  -27.24  -26.47 
289.562  -26.37  -26.40 
289.495  -25.63  -26.33 
289.428  -26.63  -26.26 
289.362  -27.36  -26.19 
289.295  -25.94  -26.12 
289.228  -24.38  -26.05 
289.162  -24.13  -25.98 
289.095  -24.50  -25.91 
289.028  -23.42  -25.85 
